9 9
0 0 0 0 0 0 0 0 -1
0 0 0 0 0 0 0 -1 0
0 0 0 0 0 0 0 0 0
0 0 0 0 -1 0 0 0 0
0 0 0 0 0 0 -1 0 0
0 0 -1 0 0 0 0 0 0
0 0 0 0 0 0 0 0 0
-1 0 0 0 0 0 0 0 0
0 0 0 0 0 0 0 0 0
r 1 1
r 1 2
r 1 3
r 1 4
r 1 5
r 1 6
r 1 7
f 1 8
r 1 9
r 2 1
r 2 2
r 2 3
r 2 4
r 2 5
r 2 6
r 2 7
r 2 8
r 2 9
r 3 1
r 3 2
r 3 3
r 3 4
r 3 5
f 3 6
r 3 7
r 3 8
r 3 9
r 4 1
r 4 2
r 4 3
r 4 4
r 4 5
r 4 6
r 4 7
r 4 8
r 4 9
r 5 1
r 5 2
r 5 3
f 5 4
r 5 5
r 5 6
r 5 7
r 5 8
r 5 9
r 6 1
r 6 2
r 6 3
r 6 4
r 6 5
r 6 6
r 6 7
r 6 8
r 6 9
r 7 1
r 7 2
r 7 3
r 7 4
f 7 5
r 7 6
r 7 7
r 7 8
r 7 9
r 8 1
f 8 2
r 8 3
r 8 4
r 8 5
r 8 6
r 8 7
r 8 8
r 8 9
f 9 1
r 9 2
r 9 3
r 9 4
r 9 5
r 9 6
r 9 7
r 9 8
r 9 9